26976552
63436125
15650606
60000002
20478603
63975657
40131659
33604029
51273867
45333095
3608932
41340219
61019603
34858726
29858275
63510562
40561196
32395653
42435921
62478607
33112154
19001199
46090831
45806879
45196434
42315811
60862396
21863745
6232676
41704487
55320827
24701076
875609
52147912
64361039
25334072
46913964
38334822
52726554
11680699
5513198
45790959
51358892
52880962
55749785
29650532
61592974
63822600
6022792
25394278
41929468
51552968
39361807
19097512
60304610
48953418
59722656
44620811
43505509
51154314
35061893
57606197
33245829
16304738
8392390
4629925
4735965
37672517
51902347
63249177
57614478
43743290
25694674
32596554
19735840
6651645
55449248
7411099
54031201
17937241
8568656
19528054
57018472
31058314
6908730
24255651
64570314
47084262
829299
9147633
11052199
42823790
31713994
27948192
59276018
15355691
2336728
57941183
41327638
20095204
25533197
52917891
54059738
4134143
23075710
58834673
24296459
63828541
60475218
52260605
27924608
50087541
38643654
22287183
33608221
675899
57948710
35891141
58364883
54650852
37393491
42555153
13088584
62704754
57186839
51229662
59703035
36508858
17370064
56387787
24661393
44744547
42562200
31222603
49487631
55454244
33843978
40960998
11255689
58550700
61458559
16428595
55397223
47429644
52226464
27701489
63507048
63240714
55597741
64082291
60350883
33004465
29488304
42505393
34283422
7814838
59592889
3666903
21991007
26872082
37791026
3718456
60001598
21200612
34204508
5422621
32867628
19740759
49573557
28035294
33392749
14710933
10315982
35084512
49300824
57167015
48191626
39116095
62365418
43346887
52607507
5500205
21175742
60200325
11811399
675912
60978258
34384191
57607608
12892432
21876855
55818001
18220897
17719668
24719148
25408368
2059733
26300300
62713367
51443151
19364990
55365880
32398992
57864753
32222050
64054156
18915270
62623991
27175537
14630722
56136444
15846178
6967034
41258279
12460138
51630467
45735193
63605687
17965287
42991249
17978762
56804483
20471391
15177220
774982
10270890
50398289
34353814
51734853
35515808
59347501
270645
7646188
9987896
18324024
52788914
8289217
38685462
30314429
6119045
35724082
63717595
60957541
59813650
22231368
58541791
11627291
4045678
60675319
52933865
7045258
14947736
46649030
39032153
13795230
12747598
18142264
30901554
2337329
11529234
18566702
7180838
43531192
63481988
26711220
47167750
48697386
26367219
44443431
45447972
62196669
39290727
40128680
39070226
61018779
37870575
11390929
3920154
61315019
21069500
6262346
57098306
53981433
60936283
56838673
57646113
26919263
52047169
63486037
26798212
59986591
54642332
40277190
31735666
23280546
59950918
38004733
58086385
43243734
62688420
57011991
35959989
61687664
51581297
35868665
62857686
46504087
46006391
20026396
27541975
53397065
30792075
24345336
34526798
44887981
36410734
36522668
10167806
11153231
39660116
25278848
15333759
62658857
35574880
39883750
61553754
35986938
63445701
47611782
2394093
61984885
6877536
21341978
33013367
57645577
62938703
60914926
57527685
57156699
27009533
57987101
57490856
2744064
1920798
444320
62849452
59072776
39329712
54784159
11581034
3236352
34312454
47529805
42019533
59602570
33767351
19132458
40978513
40755761
48775083
16497316
62897455
47215507
18208672
19568816
24835769
57998230
45575780
58690606
48141160
24117040
18086390
62873971
38835033
62811884
43155310
55682144
43449771
56369199
45423071
47509595
60092392
6953175
49980045
39749063
3009782
29657479
24009065
52944535
63769146
38590390
59404486
46792986
33764705
49006165
37696136
5282341
53819420
56944227
51160824
650907
40173887
61899524
30574110
23170197
49118157
63130316
28081974
17719083
10432953
42778481
39823714
50150852
33710238
23355696
36784309
48333978
44578335
64838679
29716643
64818083
5700870
20531143
50743054
26775164
22700271
36845166
64682017
18980104
53059024
53004243
44115136
60649272
32685875
779656
54944378
37795181
14696314
46479532
45785855
10636924
7624292
16864790
42503242
32224556
9975252
58339643
24308425
52478670
27402633
64450776
11345449
56999862
33425732
11287991
1512196
43558445
24629875
32691021
2265475
10567627
51310099
37680734
53801664
28227222
8708292
22127623
46073992
59599379
12573601
47539514
50484424
29097929
6688835
9503833
55712046
54904871
27990831
60664730
38801166
62126560
20245905
58016707
52568753
35664745
17037900
39943144
51769255
42570155
43511278
12098970
27633187
12493096
16757306
14056569
64813980
673094
6957402
11839407
144573
32356260
41749101
54288317
48794225
22416478
55942184
62055178
4622031
58556527
45131692
18399487
60268886
63521632
60556341
37061866
56742665
57993174
47606175
42817793
61324052
37173453
36727124
28699592
30581582
6682970
34567931
56966023
58941310
40632765
53897697
17480699
4392391
47871915
63420611
44379055
28112452
41252275
43419014
20834983
42817654
36242928
46176563
64479795
51508960
59542131
48182739
38268346
43125323
29392656
55433032
64376524
36172098
2156615
33883927
56512872
9971934
64886460
60985754
63257210
2777077
30943478
47647320
28441475
16492229
